$ 1 0.000005 382.76258214399064 47 5 50 5e-11
v 496 224 496 160 16 0 40 5 0 0 0.5
s 496 160 560 160 0 1 false
w 496 224 496 240 0
w 560 160 656 160 0
r 656 160 656 208 0 1000
w 656 208 720 208 0
c 656 208 656 288 4 0.0003 0.0009999932370345264 0.001 0
162 720 208 720 288 2 default-led 1 0 0 0.01
w 720 288 656 288 0
w 656 288 496 288 0
w 496 288 496 256 0
w 496 256 496 240 0
w 768 336 608 336 0
w 832 336 768 336 0
162 832 256 832 336 2 default-led 1 0 0 0.01
c 768 256 768 336 4 0.0003 0.0009999932370363825 0.001 0
w 768 256 832 256 0
r 768 208 768 256 0 1500
w 656 160 768 160 0
w 768 160 768 208 0
w 608 336 496 336 0
w 496 336 496 288 0
w 880 384 720 384 0
w 944 384 880 384 0
162 944 304 944 384 2 default-led 1 0 0 0.01
c 880 304 880 384 4 0.0003 0.0009999932370376278 0.001 0
w 880 304 944 304 0
r 880 256 880 304 0 2000
w 720 384 496 384 0
w 496 384 496 336 0
w 880 256 880 160 0
w 880 160 768 160 0
